GEOID,insured,uninsured,total
1400000US24001000100,3074,260,3334
1400000US24001000200,2500,278,2778
1400000US24001000300,2410,250,2660
1400000US24001000400,2766,270,3036
1400000US24001000500,2052,260,2312
1400000US24001000600,3028,271,3299
1400000US24001000700,2877,559,3436
1400000US24001000800,1841,197,2038
1400000US24001001000,1673,563,2236
1400000US24001001100,1598,132,1730
1400000US24001001200,2689,419,3108
1400000US24001001300,1960,194,2154
1400000US24001001401,3758,160,3918
1400000US24001001402,1344,126,1470
1400000US24001001502,1816,142,1958
1400000US24001001503,1785,174,1959
1400000US24001001600,1795,267,2062
1400000US24001001700,4073,291,4364
1400000US24001001800,5124,542,5666
1400000US24001001900,2215,304,2519
1400000US24001002000,4824,438,5262
1400000US24001002100,3331,398,3729
1400000US24001002200,3645,293,3938
1400000US24003701101,4124,140,4264
1400000US24003701102,6717,809,7526
1400000US24003701200,7674,613,8287
1400000US24003701300,7366,322,7688
1400000US24003701400,3386,192,3578
1400000US24003702100,6080,65,6145
1400000US24003702204,4032,167,4199
1400000US24003702205,4654,229,4883
1400000US24003702206,6229,679,6908
1400000US24003702208,6620,657,7277
1400000US24003702209,4163,188,4351
1400000US24003702300,5453,225,5678
1400000US24003702402,5549,361,5910
1400000US24003702500,5328,1362,6690
1400000US24003702601,5184,202,5386
1400000US24003702602,5569,353,5922
1400000US24003702701,4407,104,4511
1400000US24003702702,3493,79,3572
1400000US24003706101,3459,193,3652
1400000US24003706301,3504,620,4124
1400000US24003706302,3266,166,3432
1400000US24003706401,4693,1738,6431
1400000US24003706402,2641,207,2848
1400000US24003706500,4525,749,5274
1400000US24003706600,4602,440,5042
1400000US24003706700,792,3,795
1400000US24003707001,6310,274,6584
1400000US24003707002,4229,235,4464
1400000US24003708001,3518,230,3748
1400000US24003708004,4954,616,5570
1400000US24003730100,5965,767,6732
1400000US24003730203,4099,691,4790
1400000US24003730204,5560,679,6239
1400000US24003730300,2721,382,3103
1400000US24003730401,3683,485,4168
1400000US24003730402,4965,1083,6048
1400000US24003730502,5376,528,5904
1400000US24003730504,6828,540,7368
1400000US24003730505,3619,825,4444
1400000US24003730506,3584,669,4253
1400000US24003730601,6778,213,6991
1400000US24003730603,3592,141,3733
1400000US24003730604,6310,55,6365
1400000US24003730700,6433,328,6761
1400000US24003730800,2262,194,2456
1400000US24003730901,2326,129,2455
1400000US24003730902,3474,163,3637
1400000US24003731002,2979,225,3204
1400000US24003731003,3929,423,4352
1400000US24003731004,3978,217,4195
1400000US24003731102,6855,226,7081
1400000US24003731103,4497,394,4891
1400000US24003731104,4598,199,4797
1400000US24003731105,3104,216,3320
1400000US24003731201,5949,300,6249
1400000US24003731202,6543,215,6758
1400000US24003731203,6930,359,7289
1400000US24003731204,5539,269,5808
1400000US24003731303,6674,174,6848
1400000US24003731306,6343,414,6757
1400000US24003731307,5646,527,6173
1400000US24003731308,3164,204,3368
1400000US24003731309,5067,459,5526
1400000US24003731310,4794,438,5232
1400000US24003731311,7292,1202,8494
1400000US24003740102,5876,488,6364
1400000US24003740103,7877,592,8469
1400000US24003740104,6434,863,7297
1400000US24003740105,3256,279,3535
1400000US24017851100,2616,153,2769
1400000US24017851200,3838,400,4238
1400000US24017851301,3978,363,4341
1400000US24017851302,3465,353,3818
1400000US24017851400,7975,720,8695
1400000US24017851500,7828,156,7984
1400000US24017990000,0,0,0
1400000US24019970100,2671,231,2902
1400000US24019970200,4510,434,4944
1400000US24019970300,4425,545,4970
1400000US24019970400,2790,272,3062
1400000US24019970500,3144,661,3805
1400000US24019970600,4173,606,4779
1400000US24019970702,3650,365,4015
1400000US24019970804,1579,219,1798
1400000US24019970900,1547,236,1783
1400000US24019990000,0,0,0
1400000US24021740200,4445,186,4631
1400000US24021750100,1099,268,1367
1400000US24021750200,1280,170,1450
1400000US24021750300,1374,182,1556
1400000US24021750503,5089,1305,6394
1400000US24021750504,4597,799,5396
1400000US24021750505,4590,1483,6073
1400000US24021750506,3468,474,3942
1400000US24021750600,2577,126,2703
1400000US24021750701,5064,262,5326
1400000US24021750702,2726,365,3091
1400000US24021750801,2649,222,2871
1400000US24021750802,3782,127,3909
1400000US24021750803,5537,871,6408
1400000US24021751001,828,288,1116
1400000US24021751002,4456,255,4711
1400000US24021751003,4600,581,5181
1400000US24021751004,3841,297,4138
1400000US24021751201,4421,78,4499
1400000US24021751202,5700,170,5870
1400000US24021751203,1548,144,1692
1400000US24021751301,2584,197,2781
1400000US24021751302,2540,225,2765
1400000US24021751600,2750,203,2953
1400000US24021751701,2379,42,2421
1400000US24021751702,3643,115,3758
1400000US24021751801,3961,188,4149
1400000US24021751802,3656,300,3956
1400000US24021751901,3994,222,4216
1400000US24021751902,5618,158,5776
1400000US24021751903,6077,352,6429
1400000US24021751904,2918,119,3037
1400000US24021752001,4653,91,4744
1400000US24021752101,3360,83,3443
1400000US24021752102,4232,353,4585
1400000US24021752201,2230,155,2385
1400000US24021752202,3510,109,3619
1400000US24021752204,5384,379,5763
1400000US24021752301,4082,223,4305
1400000US24021752302,3610,347,3957
1400000US24021752303,2492,123,2615
1400000US24021752501,4664,119,4783
1400000US24021752502,2509,66,2575
1400000US24021752601,3687,133,3820
1400000US24021752602,2622,116,2738
1400000US24021752603,3883,159,4042
1400000US24021752801,2106,63,2169
1400000US24021752802,3259,280,3539
1400000US24021752900,2811,195,3006
1400000US24021753001,4481,372,4853
1400000US24021753002,2538,195,2733
1400000US24021765100,3407,520,3927
1400000US24021766800,5037,282,5319
1400000US24021767500,2591,330,2921
1400000US24021767600,3258,318,3576
1400000US24021770700,3074,318,3392
1400000US24021772200,1796,241,2037
1400000US24021773500,3984,576,4560
1400000US24021775302,3808,462,4270
1400000US24021775400,3239,390,3629
1400000US24021775600,3466,175,3641
1400000US24023000100,3271,465,3736
1400000US24023000200,3253,793,4046
1400000US24023000300,2386,362,2748
1400000US24023000400,2669,401,3070
1400000US24023000500,3399,502,3901
1400000US24023000600,5424,737,6161
1400000US24023000700,4774,1091,5865
1400000US24025301102,3344,299,3643
1400000US24025301105,4103,147,4250
1400000US24025301106,3931,239,4170
1400000US24025301107,2868,143,3011
1400000US24025301108,3250,130,3380
1400000US24025301201,1993,136,2129
1400000US24025301202,6501,575,7076
1400000US24025301204,4062,121,4183
1400000US24025301205,3688,119,3807
1400000US24025301301,4663,380,5043
1400000US24025301302,6371,780,7151
1400000US24025301401,7203,357,7560
1400000US24025301402,2039,165,2204
1400000US24025301601,5674,576,6250
1400000US24025301602,6733,1097,7830
1400000US24025301702,7396,561,7957
1400000US24025301703,4470,320,4790
1400000US24025301704,3449,175,3624
1400000US24025302100,2155,129,2284
1400000US24025302200,2174,266,2440
1400000US24025302400,2220,298,2518
1400000US24025302801,3654,217,3871
1400000US24025302802,3956,742,4698
1400000US24025302901,2179,533,2712
1400000US24025302902,4174,468,4642
1400000US24025303101,5874,398,6272
1400000US24025303102,2991,57,3048
1400000US24025303201,5452,259,5711
1400000US24025303203,3167,103,3270
1400000US24025303204,4623,235,4858
1400000US24025303205,1624,62,1686
1400000US24025303206,3070,94,3164
1400000US24025303300,5573,205,5778
1400000US24025303400,4218,144,4362
1400000US24025303501,5840,157,5997
1400000US24025303502,3342,209,3551
1400000US24025303602,3186,145,3331
1400000US24025303603,6547,367,6914
1400000US24025303605,5154,403,5557
1400000US24025303606,3373,94,3467
1400000US24025303700,3557,156,3713
1400000US24025303801,2270,200,2470
1400000US24025303802,1282,120,1402
1400000US24025303803,4735,60,4795
1400000US24025303900,2140,168,2308
1400000US24025304101,4471,71,4542
1400000US24025304102,3494,184,3678
1400000US24025304201,5956,363,6319
1400000US24025304202,6693,458,7151
1400000US24025305100,6667,368,7035
1400000US24025305200,2378,393,2771
1400000US24025305300,1994,161,2155
1400000US24025306100,3434,493,3927
1400000US24025306200,1864,323,2187
1400000US24025306300,2091,104,2195
1400000US24025306400,6022,340,6362
1400000US24025306500,1598,7,1605
1400000US24027601103,5110,505,5615
1400000US24027601104,6070,193,6263
1400000US24027601105,3559,209,3768
1400000US24027601107,3791,846,4637
1400000US24027601108,3572,73,3645
1400000US24027601201,7153,408,7561
1400000US24027601203,2252,243,2495
1400000US24027601204,4553,262,4815
1400000US24027602100,7800,344,8144
1400000US24027602201,3149,110,3259
1400000US24027602202,5038,236,5274
1400000US24027602302,5967,356,6323
1400000US24027602303,3777,115,3892
1400000US24027602304,4906,105,5011
1400000US24027602305,3719,78,3797
1400000US24027602306,5005,163,5168
1400000US24027602600,5695,1117,6812
1400000US24027602700,4936,125,5061
1400000US24027602800,5312,624,5936
1400000US24027602900,3415,844,4259
1400000US24027603001,5021,315,5336
1400000US24027603003,4117,50,4167
1400000US24027603004,5957,565,6522
1400000US24027604001,5824,243,6067
1400000US24027604002,7475,225,7700
1400000US24027605102,8038,144,8182
1400000US24027605103,4812,171,4983
1400000US24027605104,4525,54,4579
1400000US24027605401,4710,282,4992
1400000US24027605402,6410,458,6868
1400000US24027605502,5327,95,5422
1400000US24027605503,5360,608,5968
1400000US24027605504,2690,122,2812
1400000US24027605505,5851,196,6047
1400000US24027605601,5525,663,6188
1400000US24027605602,6384,228,6612
1400000US24027606601,2923,149,3072
1400000US24027606603,7039,1164,8203
1400000US24027606604,3513,490,4003
1400000US24027606606,4053,322,4375
1400000US24027606607,4370,314,4684
1400000US24027606701,2644,84,2728
1400000US24027606704,6809,1139,7948
1400000US24027606705,1960,205,2165
1400000US24027606706,4670,207,4877
1400000US24027606707,3469,384,3853
1400000US24027606803,5387,268,5655
1400000US24027606804,3145,122,3267
1400000US24027606805,3933,209,4142
1400000US24027606806,6035,264,6299
1400000US24027606901,4420,745,5165
1400000US24027606904,3773,420,4193
1400000US24027606905,6100,350,6450
1400000US24027606906,4900,750,5650
1400000US24027606907,3844,939,4783
1400000US24029950100,3388,697,4085
1400000US24029950200,4521,417,4938
1400000US24029950300,4916,388,5304
1400000US24029950400,2765,119,2884
1400000US24029950500,2257,332,2589
1400000US24029990000,0,0,0
1400000US24031700101,4080,333,4413
1400000US24031700103,5657,143,5800
1400000US24031700104,4395,575,4970
1400000US24031700105,5908,695,6603
1400000US24031700204,2008,138,2146
1400000US24031700205,6385,177,6562
1400000US24031700206,5537,270,5807
1400000US24031700207,5419,455,5874
1400000US24031700208,1741,104,1845
1400000US24031700304,6732,997,7729
1400000US24031700306,5876,926,6802
1400000US24031700308,5365,296,5661
1400000US24031700309,4557,880,5437
1400000US24031700310,4915,682,5597
1400000US24031700311,6368,447,6815
1400000US24031700312,4635,475,5110
1400000US24031700400,2043,130,2173
1400000US24031700500,5657,466,6123
1400000US24031700604,6443,254,6697
1400000US24031700606,4314,195,4509
1400000US24031700607,7653,251,7904
1400000US24031700608,5664,189,5853
1400000US24031700610,1843,144,1987
1400000US24031700611,5930,697,6627
1400000US24031700613,5789,351,6140
1400000US24031700614,3998,537,4535
1400000US24031700615,2906,68,2974
1400000US24031700616,4246,239,4485
1400000US24031700704,2232,740,2972
1400000US24031700706,2969,651,3620
1400000US24031700710,5306,1229,6535
1400000US24031700711,5070,524,5594
1400000US24031700713,3787,1777,5564
1400000US24031700715,4990,1063,6053
1400000US24031700716,6756,679,7435
1400000US24031700717,4452,1141,5593
1400000US24031700718,3972,267,4239
1400000US24031700719,5748,2559,8307
1400000US24031700720,2926,481,3407
1400000US24031700721,1978,471,2449
1400000US24031700722,3491,757,4248
1400000US24031700723,2822,230,3052
1400000US24031700724,2362,956,3318
1400000US24031700810,4448,809,5257
1400000US24031700811,4127,693,4820
1400000US24031700812,3750,423,4173
1400000US24031700813,4852,1136,5988
1400000US24031700815,6643,1803,8446
1400000US24031700816,6656,1107,7763
1400000US24031700817,4411,369,4780
1400000US24031700818,5149,1056,6205
1400000US24031700819,5839,1274,7113
1400000US24031700820,2370,621,2991
1400000US24031700822,1243,426,1669
1400000US24031700823,3094,306,3400
1400000US24031700824,2861,162,3023
1400000US24031700826,5664,288,5952
1400000US24031700828,2374,82,2456
1400000US24031700829,2816,125,2941
1400000US24031700830,1994,546,2540
1400000US24031700832,2448,262,2710
1400000US24031700833,3821,770,4591
1400000US24031700834,4365,693,5058
1400000US24031700835,4240,342,4582
1400000US24031700901,3341,259,3600
1400000US24031700902,2593,955,3548
1400000US24003740201,5997,760,6757
1400000US24003740203,4888,404,5292
1400000US24003740303,3711,430,4141
1400000US24003740304,3497,135,3632
1400000US24003740305,9837,541,10378
1400000US24003740400,0,0,0
1400000US24003740500,7978,731,8709
1400000US24003740601,4197,26,4223
1400000US24003740602,3084,77,3161
1400000US24003740603,581,32,613
1400000US24003740701,4916,305,5221
1400000US24003740702,8793,476,9269
1400000US24003740800,3860,163,4023
1400000US24003740900,6774,465,7239
1400000US24003741000,2172,84,2256
1400000US24003750101,4232,445,4677
1400000US24003750102,2138,252,2390
1400000US24003750201,2221,549,2770
1400000US24003750202,2906,336,3242
1400000US24003750203,1238,265,1503
1400000US24003750300,2644,160,2804
1400000US24003750400,3928,227,4155
1400000US24003750801,5391,341,5732
1400000US24003750803,5962,1341,7303
1400000US24003750804,3456,894,4350
1400000US24003750900,2556,314,2870
1400000US24003751000,3380,391,3771
1400000US24003751102,3437,253,3690
1400000US24003751103,4879,666,5545
1400000US24003751200,3788,359,4147
1400000US24003751400,3731,304,4035
1400000US24003751500,5533,617,6150
1400000US24003751600,4698,158,4856
1400000US24003751700,2511,155,2666
1400000US24003980000,0,0,0
1400000US24003990000,0,0,0
1400000US24005400100,4329,88,4417
1400000US24005400200,2287,249,2536
1400000US24005400400,4908,404,5312
1400000US24005400500,2373,39,2412
1400000US24005400600,2731,146,2877
1400000US24005400701,2468,360,2828
1400000US24005400702,1564,50,1614
1400000US24005400800,2567,224,2791
1400000US24005400900,1827,316,2143
1400000US24005401000,2263,157,2420
1400000US24005401101,5983,755,6738
1400000US24005401102,985,167,1152
1400000US24005401200,3032,559,3591
1400000US24005401301,3378,204,3582
1400000US24005401302,2201,233,2434
1400000US24005401400,1753,24,1777
1400000US24005401503,6401,142,6543
1400000US24005401504,5402,728,6130
1400000US24005401505,3637,304,3941
1400000US24005401506,4885,398,5283
1400000US24005401507,4625,771,5396
1400000US24005402201,2976,562,3538
1400000US24005402202,1488,69,1557
1400000US24005402302,4435,512,4947
1400000US24005402303,5813,907,6720
1400000US24005402304,3058,634,3692
1400000US24005402305,1956,258,2214
1400000US24005402306,3327,512,3839
1400000US24005402307,4853,956,5809
1400000US24005402403,2277,266,2543
1400000US24005402404,4533,761,5294
1400000US24005402405,2692,290,2982
1400000US24005402406,5692,895,6587
1400000US24005402407,1295,336,1631
1400000US24005402503,3910,453,4363
1400000US24005402504,4412,153,4565
1400000US24005402505,2712,211,2923
1400000US24005402506,3748,418,4166
1400000US24005402509,8050,720,8770
1400000US24005402602,1800,231,2031
1400000US24005402603,6194,406,6600
1400000US24005402604,5403,327,5730
1400000US24005403100,2128,250,2378
1400000US24005403201,2408,302,2710
1400000US24005403202,1878,229,2107
1400000US24005403300,2058,143,2201
1400000US24005403401,2993,210,3203
1400000US24005403402,3479,973,4452
1400000US24005403500,4859,182,5041
1400000US24005403601,4482,327,4809
1400000US24005403602,5047,407,5454
1400000US24005403701,6258,273,6531
1400000US24005403702,4164,257,4421
1400000US24005403801,1684,40,1724
1400000US24005403802,2801,52,2853
1400000US24005403803,3216,69,3285
1400000US24005404101,4514,187,4701
1400000US24005404102,5319,509,5828
1400000US24005404201,5126,1168,6294
1400000US24005404202,6732,1196,7928
1400000US24005404402,6156,229,6385
1400000US24005404403,4376,653,5029
1400000US24005404404,4012,840,4852
1400000US24005404501,6206,1045,7251
1400000US24005404502,3472,296,3768
1400000US24005404600,2153,233,2386
1400000US24005404800,1856,100,1956
1400000US24005404900,4859,82,4941
1400000US24005405000,4082,288,4370
1400000US24005406000,5414,135,5549
1400000US24005407001,3191,97,3288
1400000US24005407002,5770,277,6047
1400000US24005408100,6017,151,6168
1400000US24005408200,1908,98,2006
1400000US24005408302,2927,30,2957
1400000US24005408303,3675,0,3675
1400000US24005408304,4562,98,4660
1400000US24005408400,603,34,637
1400000US24005408502,5062,301,5363
1400000US24005408503,2808,467,3275
1400000US24005408505,3754,112,3866
1400000US24005408506,3714,725,4439
1400000US24005408507,4675,809,5484
1400000US24005408601,3492,307,3799
1400000US24005408602,2023,75,2098
1400000US24005408702,2405,12,2417
1400000US24005408703,5677,180,5857
1400000US24005408704,5632,63,5695
1400000US24005408800,2216,69,2285
1400000US24005408900,2566,78,2644
1400000US24005410100,5616,223,5839
1400000US24005410200,4553,198,4751
1400000US24005411101,2075,208,2283
1400000US24005411102,2699,154,2853
1400000US24005411201,3169,105,3274
1400000US24005411202,3527,117,3644
1400000US24005411302,3025,366,3391
1400000US24005411303,5610,303,5913
1400000US24005411306,4656,462,5118
1400000US24005411307,3415,248,3663
1400000US24005411308,3213,92,3305
1400000US24005411309,8253,379,8632
1400000US24005411404,3698,259,3957
1400000US24005411406,4167,170,4337
1400000US24005411407,8332,720,9052
1400000US24005411408,3083,238,3321
1400000US24005411409,4971,215,5186
1400000US24005411410,4275,355,4630
1400000US24005420100,3114,428,3542
1400000US24005420200,2264,142,2406
1400000US24005420301,2546,197,2743
1400000US24005420302,2539,253,2792
1400000US24005420303,1236,99,1335
1400000US24005420401,5818,723,6541
1400000US24005420402,1977,137,2114
1400000US24005420500,2750,503,3253
1400000US24005420600,3272,659,3931
1400000US24005420701,2554,620,3174
1400000US24005420702,1780,207,1987
1400000US24005420800,3017,339,3356
1400000US24005420900,2749,560,3309
1400000US24005421000,1640,247,1887
1400000US24005421101,2428,432,2860
1400000US24005421102,1887,377,2264
1400000US24005421200,1620,153,1773
1400000US24005421300,2671,201,2872
1400000US24005430101,3173,1257,4430
1400000US24005430104,2481,190,2671
1400000US24005430200,2550,360,2910
1400000US24005430300,5209,1200,6409
1400000US24005430400,3796,506,4302
1400000US24005430600,2259,137,2396
1400000US24005430700,4460,293,4753
1400000US24005430800,3320,287,3607
1400000US24005430900,3808,884,4692
1400000US24005440100,4339,344,4683
1400000US24005440200,2180,334,2514
1400000US24005440300,1725,374,2099
1400000US24005440400,5391,375,5766
1400000US24005440500,2685,344,3029
1400000US24005440600,2091,117,2208
1400000US24005440701,5573,993,6566
1400000US24005440702,4845,310,5155
1400000US24005440800,2709,419,3128
1400000US24005440900,3177,424,3601
1400000US24005441000,3148,303,3451
1400000US24005441101,1867,214,2081
1400000US24005441102,4011,568,4579
1400000US24005450100,3575,234,3809
1400000US24005450200,3121,293,3414
1400000US24005450300,2921,342,3263
1400000US24005450400,1936,206,2142
1400000US24005450501,3326,808,4134
1400000US24005450503,4694,1010,5704
1400000US24005450504,4755,1023,5778
1400000US24005450800,3095,612,3707
1400000US24005450900,3624,272,3896
1400000US24005451000,1517,304,1821
1400000US24005451100,2062,334,2396
1400000US24005451200,3438,555,3993
1400000US24005451300,2417,665,3082
1400000US24005451401,3017,381,3398
1400000US24005451402,4484,1522,6006
1400000US24005451500,3603,445,4048
1400000US24005451600,1896,158,2054
1400000US24005451701,2312,319,2631
1400000US24005451702,1930,119,2049
1400000US24005451801,4724,327,5051
1400000US24005451802,3274,178,3452
1400000US24005451803,4132,493,4625
1400000US24005451900,2209,247,2456
1400000US24005452000,2138,226,2364
1400000US24005452100,3123,326,3449
1400000US24005452300,2471,600,3071
1400000US24005452400,3052,315,3367
1400000US24005452500,3476,343,3819
1400000US24005490100,4004,69,4073
1400000US24005490200,2656,93,2749
1400000US24005490301,4306,582,4888
1400000US24005490302,3409,259,3668
1400000US24005490400,1613,12,1625
1400000US24005490500,3733,59,3792
1400000US24005490601,2058,15,2073
1400000US24005490602,2879,242,3121
1400000US24005490603,2232,91,2323
1400000US24005490605,4544,195,4739
1400000US24005490701,1470,8,1478
1400000US24005490703,2500,139,2639
1400000US24005490800,3244,117,3361
1400000US24005490900,3870,661,4531
1400000US24005491000,2165,0,2165
1400000US24005491100,3350,250,3600
1400000US24005491201,1717,184,1901
1400000US24005491202,1673,78,1751
1400000US24005491300,2973,253,3226
1400000US24005491401,4504,715,5219
1400000US24005491402,2515,658,3173
1400000US24005491500,3013,687,3700
1400000US24005491600,2112,454,2566
1400000US24005491701,3559,385,3944
1400000US24005491900,1603,233,1836
1400000US24005492001,1284,166,1450
1400000US24005492002,3239,377,3616
1400000US24005492101,2903,336,3239
1400000US24005492102,2119,138,2257
1400000US24005492200,4343,272,4615
1400000US24005492300,3627,549,4176
1400000US24005492401,3647,347,3994
1400000US24005492402,5615,306,5921
1400000US24005492500,3078,406,3484
1400000US24005492600,2929,347,3276
1400000US24005980000,0,0,0
1400000US24005980100,0,0,0
1400000US24005980200,0,0,0
1400000US24009860101,3047,184,3231
1400000US24009860102,2702,60,2762
1400000US24009860200,5888,373,6261
1400000US24009860300,4003,100,4103
1400000US24009860401,8783,620,9403
1400000US24009860402,3019,143,3162
1400000US24009860501,5379,347,5726
1400000US24009860502,2891,225,3116
1400000US24009860600,7225,182,7407
1400000US24009860701,1993,279,2272
1400000US24009860702,2790,248,3038
1400000US24009860703,3193,356,3549
1400000US24009860801,6120,294,6414
1400000US24009860802,4529,389,4918
1400000US24009860900,5718,642,6360
1400000US24009861001,1188,59,1247
1400000US24009861003,5696,683,6379
1400000US24009861004,7246,711,7957
1400000US24009990100,0,0,0
1400000US24011955000,2381,836,3217
1400000US24011955100,5467,519,5986
1400000US24011955201,3422,348,3770
1400000US24011955202,2239,204,2443
1400000US24011955301,3000,375,3375
1400000US24011955302,2470,356,2826
1400000US24011955400,1854,372,2226
1400000US24011955500,3637,449,4086
1400000US24011955600,3853,674,4527
1400000US24013501001,4304,276,4580
1400000US24013501002,4730,285,5015
1400000US24013502000,3595,318,3913
1400000US24013503000,4927,485,5412
1400000US24013504100,5084,405,5489
1400000US24013504201,5702,342,6044
1400000US24013504202,5566,447,6013
1400000US24013505101,4296,209,4505
1400000US24013505102,5161,163,5324
1400000US24013505203,2754,77,2831
1400000US24013505205,3001,63,3064
1400000US24013505206,3604,94,3698
1400000US24013505207,3713,60,3773
1400000US24013505208,5423,235,5658
1400000US24013506101,4277,178,4455
1400000US24013506102,3484,457,3941
1400000US24013506200,4442,260,4702
1400000US24013507500,4605,301,4906
1400000US24013507601,4059,782,4841
1400000US24013507602,3341,348,3689
1400000US24013507702,3636,274,3910
1400000US24013507703,2821,170,2991
1400000US24013507704,5459,360,5819
1400000US24013507801,4953,587,5540
1400000US24013507802,4206,327,4533
1400000US24013508101,4397,184,4581
1400000US24013508102,3206,117,3323
1400000US24013508200,6498,550,7048
1400000US24013509001,4138,131,4269
1400000US24013509002,2398,306,2704
1400000US24013510000,1034,101,1135
1400000US24013511000,3276,248,3524
1400000US24013512000,1460,179,1639
1400000US24013513001,4335,265,4600
1400000US24013513002,4982,192,5174
1400000US24013514100,3342,259,3601
1400000US24013514201,4879,411,5290
1400000US24013514202,3444,184,3628
1400000US24015030100,4585,731,5316
1400000US24015030200,4639,487,5126
1400000US24015030400,3738,775,4513
1400000US24015030501,3669,286,3955
1400000US24015030503,4570,517,5087
1400000US24015030505,3128,399,3527
1400000US24015030506,7075,929,8004
1400000US24015030601,3692,373,4065
1400000US24015030602,4790,383,5173
1400000US24015030700,4854,442,5296
1400000US24015030903,3650,543,4193
1400000US24015030904,5986,695,6681
1400000US24015030905,2666,186,2852
1400000US24015030906,8223,738,8961
1400000US24015031201,6458,495,6953
1400000US24015031202,4568,522,5090
1400000US24015031301,3354,536,3890
1400000US24015031302,6445,387,6832
1400000US24015031400,3777,391,4168
1400000US24017850101,5312,273,5585
1400000US24017850102,2428,296,2724
1400000US24017850201,609,83,692
1400000US24017850202,4538,293,4831
1400000US24017850300,2088,116,2204
1400000US24017850400,3321,336,3657
1400000US24017850500,2591,180,2771
1400000US24017850600,3864,342,4206
1400000US24017850706,4693,404,5097
1400000US24017850708,4908,173,5081
1400000US24017850709,6360,766,7126
1400000US24017850710,5286,296,5582
1400000US24017850711,4374,421,4795
1400000US24017850712,5390,186,5576
1400000US24017850713,6228,467,6695
1400000US24017850801,4508,316,4824
1400000US24017850802,3366,454,3820
1400000US24017850901,5217,524,5741
1400000US24017850902,4762,817,5579
1400000US24017850904,5317,162,5479
1400000US24017850905,4054,354,4408
1400000US24017850906,4303,390,4693
1400000US24017851001,2561,171,2732
1400000US24017851002,8374,519,8893
1400000US24033800505,2325,324,2649
1400000US24033800507,2631,231,2862
1400000US24033800509,8369,416,8785
1400000US24033800511,4733,222,4955
1400000US24033800513,4972,395,5367
1400000US24033800514,4415,276,4691
1400000US24033800515,3685,307,3992
1400000US24033800516,3276,225,3501
1400000US24033800517,4690,270,4960
1400000US24033800518,2982,171,3153
1400000US24033800519,3668,304,3972
1400000US24033800520,1721,161,1882
1400000US24033800601,1889,141,2030
1400000US24033800604,1277,200,1477
1400000US24033800605,3785,426,4211
1400000US24033800606,4142,576,4718
1400000US24033800607,5717,495,6212
1400000US24033800608,3250,216,3466
1400000US24033800701,4762,203,4965
1400000US24033800704,4703,237,4940
1400000US24033800705,4049,301,4350
1400000US24033800706,3529,259,3788
1400000US24033800707,2522,69,2591
1400000US24033800800,3323,153,3476
1400000US24033800900,1309,151,1460
1400000US24033801003,3627,578,4205
1400000US24033801004,4040,130,4170
1400000US24033801005,3683,362,4045
1400000US24033801006,3716,359,4075
1400000US24033801104,2270,53,2323
1400000US24033801207,4155,214,4369
1400000US24033801208,3420,229,3649
1400000US24033801209,4137,251,4388
1400000US24033801210,3772,630,4402
1400000US24033801211,2862,78,2940
1400000US24033801212,2917,438,3355
1400000US24033801213,3208,375,3583
1400000US24033801214,3445,292,3737
1400000US24033801215,2131,153,2284
1400000US24033801216,2814,424,3238
1400000US24033801217,3207,318,3525
1400000US24033801302,2559,126,2685
1400000US24033801305,5010,490,5500
1400000US24033801307,3454,265,3719
1400000US24033801308,3641,261,3902
1400000US24033801309,3553,292,3845
1400000US24033801310,5677,203,5880
1400000US24033801311,5338,710,6048
1400000US24033801312,3012,379,3391
1400000US24033801313,2828,185,3013
1400000US24033801404,4057,719,4776
1400000US24033801405,3574,1533,5107
1400000US24033801406,2342,356,2698
1400000US24033801407,5655,585,6240
1400000US24033801408,3721,136,3857
1400000US24033801409,2596,316,2912
1400000US24033801410,3232,351,3583
1400000US24033801411,3186,236,3422
1400000US24033801500,1795,354,2149
1400000US24033801600,2164,250,2414
1400000US24033801701,3436,385,3821
1400000US24033801702,3371,497,3868
1400000US24033801704,5232,629,5861
1400000US24033801706,1284,381,1665
1400000US24033801707,4889,1151,6040
1400000US24033801708,2877,889,3766
1400000US24033801801,1860,365,2225
1400000US24033801802,2778,470,3248
1400000US24033801804,1701,330,2031
1400000US24033801805,2038,421,2459
1400000US24033801807,3896,398,4294
1400000US24033801808,3162,550,3712
1400000US24033801901,4575,341,4916
1400000US24033801904,2614,708,3322
1400000US24033801905,4373,691,5064
1400000US24033801906,1684,359,2043
1400000US24033801907,2956,293,3249
1400000US24033801908,3197,382,3579
1400000US24033802001,4714,741,5455
1400000US24033802002,3344,433,3777
1400000US24033802103,2750,181,2931
1400000US24033802104,1453,187,1640
1400000US24033802106,3325,656,3981
1400000US24033802107,3499,682,4181
1400000US24033802201,1314,324,1638
1400000US24033802203,3380,915,4295
1400000US24033802204,5228,581,5809
1400000US24033802301,3507,578,4085
1400000US24033802404,4060,389,4449
1400000US24033802405,3565,380,3945
1400000US24033802406,2026,301,2327
1400000US24033802407,3644,461,4105
1400000US24033802408,1237,272,1509
1400000US24033802501,2573,332,2905
1400000US24033802502,2195,392,2587
1400000US24033802600,2585,318,2903
1400000US24033802700,1883,462,2345
1400000US24033802803,4119,242,4361
1400000US24033802804,4859,487,5346
1400000US24033802805,4231,698,4929
1400000US24033802901,3284,427,3711
1400000US24033803001,2278,493,2771
1400000US24033803002,2599,135,2734
1400000US24033803100,2035,251,2286
1400000US24033803200,2526,507,3033
1400000US24033803300,3938,515,4453
1400000US24033803401,1111,310,1421
1400000US24033803402,3915,521,4436
1400000US24033803508,3767,821,4588
1400000US24033803509,2418,606,3024
1400000US24033803512,5284,595,5879
1400000US24033803513,3846,435,4281
1400000US24033803514,4189,177,4366
1400000US24033803516,4181,455,4636
1400000US24033803519,3577,338,3915
1400000US24033803520,3446,387,3833
1400000US24033803521,4225,398,4623
1400000US24033803522,3431,206,3637
1400000US24033803523,3533,413,3946
1400000US24033803524,3427,314,3741
1400000US24033803525,2154,387,2541
1400000US24033803526,3034,313,3347
1400000US24033803527,2904,308,3212
1400000US24033803601,3625,258,3883
1400000US24033803602,1713,183,1896
1400000US24033803605,5610,1354,6964
1400000US24033803606,4446,507,4953
1400000US24033803607,3194,279,3473
1400000US24033803608,4252,1030,5282
1400000US24033803610,2022,832,2854
1400000US24033803612,2517,466,2983
1400000US24033803613,3747,1092,4839
1400000US24033803700,2083,509,2592
1400000US24033803801,1900,608,2508
1400000US24033803803,4198,1101,5299
1400000US24033803900,2398,1736,4134
1400000US24033804001,4159,1080,5239
1400000US24033804002,2572,1371,3943
1400000US24033804101,2718,458,3176
1400000US24033804102,4817,1099,5916
1400000US24033804200,2676,224,2900
1400000US24033804300,2713,948,3661
1400000US24033804400,2046,570,2616
1400000US24033804600,2094,861,2955
1400000US24033804700,2621,943,3564
1400000US24033804801,1786,446,2232
1400000US24033804802,1569,1413,2982
1400000US24033804900,3249,634,3883
1400000US24033805000,4098,1444,5542
1400000US24033805101,2206,1611,3817
1400000US24033805201,3224,1175,4399
1400000US24033805202,2585,1039,3624
1400000US24033805500,2360,1855,4215
1400000US24033805601,2043,4715,6758
1400000US24033805602,1785,3927,5712
1400000US24033805700,3649,2341,5990
1400000US24033805801,2794,1774,4568
1400000US24033805802,2586,1610,4196
1400000US24033805904,2474,679,3153
1400000US24033805906,2003,1078,3081
1400000US24033805907,2315,1416,3731
1400000US24033805908,1707,1198,2905
1400000US24033805909,3435,1053,4488
1400000US24033806000,3348,2045,5393
1400000US24033806100,3276,715,3991
1400000US24033806200,3030,828,3858
1400000US24033806300,1433,544,1977
1400000US24033806400,3325,163,3488
1400000US24033806501,3466,1973,5439
1400000US24033806601,2748,1835,4583
1400000US24033806602,3618,1039,4657
1400000US24510110100,2663,508,3171
1400000US24510110200,4800,458,5258
1400000US24510120100,4641,104,4745
1400000US24510120201,2015,169,2184
1400000US24510120202,6652,356,7008
1400000US24510120300,2852,314,3166
1400000US24510120400,1115,232,1347
1400000US24510120500,1647,406,2053
1400000US24510120600,2164,355,2519
1400000US24510120700,1951,288,2239
1400000US24510130100,2245,425,2670
1400000US24510130200,3124,401,3525
1400000US24510130300,1906,258,2164
1400000US24510130400,1575,266,1841
1400000US24510130600,3393,493,3886
1400000US24510130700,4276,602,4878
1400000US24510130803,2278,225,2503
1400000US24510130804,1494,396,1890
1400000US24510130805,1013,67,1080
1400000US24510130806,1228,151,1379
1400000US24510140100,4983,174,5157
1400000US24510140200,2402,317,2719
1400000US24510140300,2095,354,2449
1400000US24510150100,2398,777,3175
1400000US24510150200,2305,469,2774
1400000US24510150300,1888,676,2564
1400000US24510150400,2956,423,3379
1400000US24510150500,1842,389,2231
1400000US24510150600,1851,531,2382
1400000US24510150701,1324,93,1417
1400000US24510150702,1508,337,1845
1400000US24510150800,3526,541,4067
1400000US24510150900,1891,455,2346
1400000US24510151000,3990,772,4762
1400000US24510151100,5862,1099,6961
1400000US24510151200,4369,539,4908
1400000US24510151300,4357,690,5047
1400000US24510160100,2034,455,2489
1400000US24510160200,2309,377,2686
1400000US24510160300,1309,152,1461
1400000US24510160400,2513,533,3046
1400000US24510160500,3070,417,3487
1400000US24510160600,2204,457,2661
1400000US24510160700,4045,671,4716
1400000US24510160801,2695,773,3468
1400000US24510160802,2617,730,3347
1400000US24510170100,1274,298,1572
1400000US24510170200,3367,243,3610
1400000US24510170300,1949,209,2158
1400000US24510180100,1798,275,2073
1400000US24510180200,793,129,922
1400000US24510180300,1371,244,1615
1400000US24510190100,1826,250,2076
1400000US24510190200,1644,327,1971
1400000US24510190300,1272,473,1745
1400000US24510200100,1507,367,1874
1400000US24510200200,1767,233,2000
1400000US24510200300,1525,289,1814
1400000US24510200400,1508,320,1828
1400000US24510200500,2302,722,3024
1400000US24510200600,2356,595,2951
1400000US24510200701,3612,297,3909
1400000US24510200702,1236,137,1373
1400000US24510200800,1962,357,2319
1400000US24510210100,1772,278,2050
1400000US24510210200,2993,571,3564
1400000US24510220100,3562,180,3742
1400000US24510230100,1920,68,1988
1400000US24510230200,1752,158,1910
1400000US24510230300,783,182,965
1400000US24510240100,2427,147,2574
1400000US24510240200,2546,141,2687
1400000US24510240300,1816,96,1912
1400000US24510240400,2438,174,2612
1400000US24510250101,3412,414,3826
1400000US24510250102,2501,357,2858
1400000US24510250103,3290,641,3931
1400000US24510250203,2045,259,2304
1400000US24510250204,4382,557,4939
1400000US24510250205,3751,1089,4840
1400000US24510250206,2000,515,2515
1400000US24510250207,2294,370,2664
1400000US24510250301,2319,266,2585
1400000US24510250303,1491,544,2035
1400000US24510250401,2834,571,3405
1400000US24510250402,4605,1142,5747
1400000US24510250500,3674,1150,4824
1400000US24510250600,0,0,0
1400000US24510260101,4219,757,4976
1400000US24510260102,4504,571,5075
1400000US24510260201,4320,668,4988
1400000US24510260202,4582,1068,5650
1400000US24510260203,2170,412,2582
1400000US24510260301,4060,513,4573
1400000US24510260302,5403,1068,6471
1400000US24510260303,523,104,627
1400000US24510260401,2391,888,3279
1400000US24510260402,2198,217,2415
1400000US24510260403,1788,348,2136
1400000US24510260404,1415,959,2374
1400000US24510260501,3461,1524,4985
1400000US24510260604,946,204,1150
1400000US24510260605,3745,851,4596
1400000US24510260700,1311,1035,2346
1400000US24510260800,1698,1171,2869
1400000US24510260900,2037,406,2443
1400000US24510261000,1949,1148,3097
1400000US24510261100,1678,160,1838
1400000US24510270101,1540,285,1825
1400000US24510270102,3166,372,3538
1400000US24510270200,1616,189,1805
1400000US24510270301,2522,344,2866
1400000US24510270302,1328,256,1584
1400000US24510270401,4417,415,4832
1400000US24510270402,2763,350,3113
1400000US24510270501,4238,198,4436
1400000US24510270502,3829,460,4289
1400000US24510270600,3722,446,4168
1400000US24510270701,2323,494,2817
1400000US24510270702,1570,555,2125
1400000US24510270703,2636,363,2999
1400000US24510270801,4112,542,4654
1400000US24510270802,4564,760,5324
1400000US24510270803,5372,765,6137
1400000US24510270804,2571,515,3086
1400000US24510270805,4498,510,5008
1400000US24510270901,3600,695,4295
1400000US24510270902,4110,512,4622
1400000US24510270903,4424,507,4931
1400000US24510271001,1842,334,2176
1400000US24510271002,3479,654,4133
1400000US24510271101,2081,164,2245
1400000US24510271102,3919,267,4186
1400000US24510271200,5711,244,5955
1400000US24510271300,2721,67,2788
1400000US24510271400,3478,106,3584
1400000US24510271501,3920,261,4181
1400000US24510271503,809,10,819
1400000US24510271600,4126,791,4917
1400000US24510271700,4514,580,5094
1400000US24510271801,3032,300,3332
1400000US24510271802,2586,635,3221
1400000US24510271900,3403,418,3821
1400000US24510272003,5351,457,5808
1400000US24510272004,3744,606,4350
1400000US24510272005,2968,131,3099
1400000US24510272006,3380,373,3753
1400000US24510272007,3543,691,4234
1400000US24510280101,3172,483,3655
1400000US24510280102,4836,913,5749
1400000US24510280200,4440,673,5113
1400000US24510280301,3434,574,4008
1400000US24510280302,1908,321,2229
1400000US24510280401,3284,239,3523
1400000US24510280402,1593,266,1859
1400000US24510280403,4767,626,5393
1400000US24510280404,1790,251,2041
1400000US24510280500,2084,161,2245
1400000US24033806706,2637,460,3097
1400000US24033806708,4135,350,4485
1400000US24033806710,4591,1084,5675
1400000US24033806711,3436,1176,4612
1400000US24033806712,2333,813,3146
1400000US24033806713,2748,850,3598
1400000US24033806714,2156,1074,3230
1400000US24033806800,3413,528,3941
1400000US24033806900,3603,411,4014
1400000US24033807000,4489,1034,5523
1400000US24033807102,2187,391,2578
1400000US24033807200,14871,539,15410
1400000US24033807301,2926,589,3515
1400000US24033807304,1773,452,2225
1400000US24033807305,2588,961,3549
1400000US24033807404,4020,695,4715
1400000US24033807405,4914,677,5591
1400000US24033807407,5467,821,6288
1400000US24033807408,5162,270,5432
1400000US24033807409,2845,941,3786
1400000US24033807410,3050,916,3966
1400000US24035810100,2634,327,2961
1400000US24035810200,1987,518,2505
1400000US24035810300,4264,202,4466
1400000US24035810400,5725,147,5872
1400000US24035810500,4142,173,4315
1400000US24035810600,4739,188,4927
1400000US24035810700,3635,265,3900
1400000US24035810800,5293,210,5503
1400000US24035810901,4772,338,5110
1400000US24035810902,2959,102,3061
1400000US24035811000,3928,811,4739
1400000US24035990000,0,0,0
1400000US24035990100,0,0,0
1400000US24035990200,0,0,0
1400000US24037875000,6187,214,6401
1400000US24037875100,3971,470,4441
1400000US24037875201,4759,286,5045
1400000US24037875202,5739,434,6173
1400000US24037875300,3097,239,3336
1400000US24037875400,6542,501,7043
1400000US24037875500,6693,1277,7970
1400000US24037875600,7487,679,8166
1400000US24037875700,6443,622,7065
1400000US24037875801,643,5,648
1400000US24037875802,3391,304,3695
1400000US24037875901,6200,545,6745
1400000US24037875902,6908,729,7637
1400000US24037876001,4720,762,5482
1400000US24037876002,7539,459,7998
1400000US24037876100,6576,671,7247
1400000US24037876200,6546,289,6835
1400000US24037990000,0,0,0
1400000US24039930101,5913,1235,7148
1400000US24039930102,3148,324,3472
1400000US24039930200,1421,143,1564
1400000US24039930300,2282,238,2520
1400000US24039930500,3345,607,3952
1400000US24039930600,2615,292,2907
1400000US24039980400,17,38,55
1400000US24039990100,0,0,0
1400000US24041960100,4024,439,4463
1400000US24041960201,3947,138,4085
1400000US24041960300,2769,590,3359
1400000US24041960400,4181,973,5154
1400000US24041960501,4158,563,4721
1400000US24041960502,3622,467,4089
1400000US24041960600,1656,135,1791
1400000US24041960700,3149,301,3450
1400000US24041960800,1627,365,1992
1400000US24041960900,3769,428,4197
1400000US24041990000,0,0,0
1400000US24043000100,2572,501,3073
1400000US24043000200,3310,372,3682
1400000US24043000301,2681,470,3151
1400000US24043000302,2742,467,3209
1400000US24043000400,1738,225,1963
1400000US24043000500,4658,980,5638
1400000US24043000601,2135,365,2500
1400000US24043000602,2666,245,2911
1400000US24043000700,2427,593,3020
1400000US24043000800,3197,421,3618
1400000US24043000900,3133,381,3514
1400000US24043001001,4835,306,5141
1400000US24043001002,3854,299,4153
1400000US24043010100,1118,118,1236
1400000US24043010200,3826,832,4658
1400000US24043010300,6760,881,7641
1400000US24043010400,7121,726,7847
1400000US24043010500,5666,410,6076
1400000US24043010600,4454,632,5086
1400000US24043010700,3388,299,3687
1400000US24043010801,3838,230,4068
1400000US24043010802,2160,188,2348
1400000US24043010900,7808,605,8413
1400000US24043011000,0,0,0
1400000US24043011100,5014,731,5745
1400000US24043011201,8393,736,9129
1400000US24043011202,3878,444,4322
1400000US24043011301,4725,333,5058
1400000US24043011302,3680,229,3909
1400000US24043011400,5123,317,5440
1400000US24043011500,7263,669,7932
1400000US24043011600,2507,283,2790
1400000US24045000100,4111,1836,5947
1400000US24045000200,1820,383,2203
1400000US24045000300,1265,391,1656
1400000US24045000400,4286,574,4860
1400000US24045000500,2018,163,2181
1400000US24045010101,5031,794,5825
1400000US24045010102,2335,273,2608
1400000US24045010200,5429,1214,6643
1400000US24045010300,7858,419,8277
1400000US24045010400,5821,517,6338
1400000US24045010501,4016,713,4729
1400000US24045010502,6893,1042,7935
1400000US24045010603,6489,922,7411
1400000US24045010604,4389,703,5092
1400000US24045010605,3896,359,4255
1400000US24045010606,3455,277,3732
1400000US24045010701,3771,337,4108
1400000US24045010702,7110,1031,8141
1400000US24045010800,5171,630,5801
1400000US24047950000,1510,94,1604
1400000US24047950100,2086,173,2259
1400000US24047950300,2917,338,3255
1400000US24047950400,2847,224,3071
1400000US24047950600,2623,225,2848
1400000US24047950700,1695,318,2013
1400000US24047950800,5580,220,5800
1400000US24047950900,1587,293,1880
1400000US24047951000,3137,996,4133
1400000US24047951100,5499,379,5878
1400000US24047951200,3234,442,3676
1400000US24047951300,2437,191,2628
1400000US24047951400,3061,382,3443
1400000US24047951500,4403,691,5094
1400000US24047951700,2736,372,3108
1400000US24047980000,0,0,0
1400000US24047990000,0,0,0
1400000US24510010100,2583,218,2801
1400000US24510010200,2719,814,3533
1400000US24510010300,2045,181,2226
1400000US24510010400,1927,103,2030
1400000US24510010500,1818,170,1988
1400000US24510020100,1692,572,2264
1400000US24510020200,1512,490,2002
1400000US24510020300,3340,174,3514
1400000US24510030100,2015,410,2425
1400000US24510030200,2119,217,2336
1400000US24510040100,3181,100,3281
1400000US24510040200,921,127,1048
1400000US24510060100,2168,934,3102
1400000US24510060200,2396,771,3167
1400000US24510060300,1594,152,1746
1400000US24510060400,1212,288,1500
1400000US24510070100,2940,326,3266
1400000US24510070200,3086,776,3862
1400000US24510070300,1075,62,1137
1400000US24510070400,1077,146,1223
1400000US24510080101,2862,509,3371
1400000US24510080102,1995,454,2449
1400000US24510080200,1159,101,1260
1400000US24510080301,1542,158,1700
1400000US24510080302,2637,305,2942
1400000US24510080400,1067,256,1323
1400000US24510080500,1291,301,1592
1400000US24510080600,1935,342,2277
1400000US24510080700,679,190,869
1400000US24510080800,821,169,990
1400000US24510090100,3985,707,4692
1400000US24510090200,3108,374,3482
1400000US24510090300,3511,627,4138
1400000US24510090400,1215,182,1397
1400000US24510090500,1708,486,2194
1400000US24510090600,2652,588,3240
1400000US24510090700,3146,502,3648
1400000US24510090800,3102,588,3690
1400000US24510090900,2087,345,2432
1400000US24510100100,1875,368,2243
1400000US24510100200,2771,250,3021
1400000US24510100300,0,0,0
1400000US24031700903,1679,232,1911
1400000US24031700904,2348,506,2854
1400000US24031700905,3772,187,3959
1400000US24031701001,4799,476,5275
1400000US24031701002,3658,35,3693
1400000US24031701004,4654,341,4995
1400000US24031701005,3105,176,3281
1400000US24031701006,4972,235,5207
1400000US24031701007,3030,176,3206
1400000US24031701101,3757,646,4403
1400000US24031701102,5383,961,6344
1400000US24031701201,4687,661,5348
1400000US24031701202,2593,85,2678
1400000US24031701205,5964,352,6316
1400000US24031701206,6163,341,6504
1400000US24031701210,3846,174,4020
1400000US24031701211,5625,504,6129
1400000US24031701212,2569,79,2648
1400000US24031701213,5781,144,5925
1400000US24031701214,2364,222,2586
1400000US24031701215,4151,95,4246
1400000US24031701216,3621,334,3955
1400000US24031701218,2194,155,2349
1400000US24031701219,2378,582,2960
1400000US24031701220,4091,177,4268
1400000US24031701221,4176,168,4344
1400000US24031701303,3624,169,3793
1400000US24031701304,5751,335,6086
1400000US24031701306,2863,173,3036
1400000US24031701307,3503,227,3730
1400000US24031701308,2709,212,2921
1400000US24031701312,5789,295,6084
1400000US24031701313,3341,302,3643
1400000US24031701314,2802,181,2983
1400000US24031701315,4169,490,4659
1400000US24031701316,5414,273,5687
1400000US24031701317,4164,91,4255
1400000US24031701407,5115,425,5540
1400000US24031701408,5876,540,6416
1400000US24031701409,4022,178,4200
1400000US24031701410,6330,595,6925
1400000US24031701414,6229,852,7081
1400000US24031701415,6413,1137,7550
1400000US24031701417,5231,639,5870
1400000US24031701418,3003,470,3473
1400000US24031701420,5882,733,6615
1400000US24031701421,1435,472,1907
1400000US24031701422,2142,697,2839
1400000US24031701423,3803,931,4734
1400000US24031701503,6149,789,6938
1400000US24031701505,5478,1463,6941
1400000US24031701506,4549,436,4985
1400000US24031701507,4678,320,4998
1400000US24031701508,3107,683,3790
1400000US24031701509,4109,1337,5446
1400000US24031701601,1607,551,2158
1400000US24031701602,4065,2767,6832
1400000US24031701701,2849,232,3081
1400000US24031701702,1936,547,2483
1400000US24031701703,2942,766,3708
1400000US24031701704,2530,287,2817
1400000US24031701800,3944,696,4640
1400000US24031701900,1864,1337,3201
1400000US24031702000,3333,2109,5442
1400000US24031702101,3889,1705,5594
1400000US24031702102,2746,106,2852
1400000US24031702200,3919,197,4116
1400000US24031702301,2886,1442,4328
1400000US24031702302,3554,792,4346
1400000US24031702401,2230,254,2484
1400000US24031702402,4026,255,4281
1400000US24031702500,4391,854,5245
1400000US24031702601,4046,335,4381
1400000US24031702602,3881,756,4637
1400000US24031702700,5146,1322,6468
1400000US24031702800,4370,209,4579
1400000US24031702900,5336,181,5517
1400000US24031703000,1648,137,1785
1400000US24031703100,3544,715,4259
1400000US24031703201,6487,1110,7597
1400000US24031703202,5428,592,6020
1400000US24031703206,3283,568,3851
1400000US24031703207,4175,1739,5914
1400000US24031703208,4846,257,5103
1400000US24031703209,4654,971,5625
1400000US24031703210,3043,441,3484
1400000US24031703212,6667,1141,7808
1400000US24031703213,4440,1264,5704
1400000US24031703214,5214,1558,6772
1400000US24031703215,2579,718,3297
1400000US24031703216,3319,219,3538
1400000US24031703218,1737,0,1737
1400000US24031703219,3383,51,3434
1400000US24031703220,4052,495,4547
1400000US24031703221,4060,587,4647
1400000US24031703301,2972,1361,4333
1400000US24031703302,3040,1377,4417
1400000US24031703401,3783,1520,5303
1400000US24031703402,2827,575,3402
1400000US24031703403,2462,1117,3579
1400000US24031703404,2141,838,2979
1400000US24031703501,4502,2222,6724
1400000US24031703502,2603,746,3349
1400000US24031703601,3839,771,4610
1400000US24031703602,2658,208,2866
1400000US24031703701,2834,1108,3942
1400000US24031703702,2854,1022,3876
1400000US24031703800,2302,573,2875
1400000US24031703901,2823,172,2995
1400000US24031703902,5505,1727,7232
1400000US24031704000,5740,886,6626
1400000US24031704100,4231,81,4312
1400000US24031704200,1799,107,1906
1400000US24031704300,3520,81,3601
1400000US24031704401,2859,197,3056
1400000US24031704403,1364,94,1458
1400000US24031704404,4939,150,5089
1400000US24031704501,3152,152,3304
1400000US24031704502,2585,49,2634
1400000US24031704503,3690,151,3841
1400000US24031704600,5046,146,5192
1400000US24031704700,3728,130,3858
1400000US24031704803,2995,301,3296
1400000US24031704804,1281,52,1333
1400000US24031704805,1368,174,1542
1400000US24031704806,2923,55,2978
1400000US24031705000,3827,92,3919
1400000US24031705100,4942,81,5023
1400000US24031705200,3332,13,3345
1400000US24031705300,1911,22,1933
1400000US24031705400,2809,32,2841
1400000US24031705501,2349,58,2407
1400000US24031705502,3843,98,3941
1400000US24031705601,2746,32,2778
1400000US24031705602,4123,172,4295
1400000US24031705701,4171,24,4195
1400000US24031705702,4351,65,4416
1400000US24031705800,5992,381,6373
1400000US24031705901,3770,41,3811
1400000US24031705902,4119,164,4283
1400000US24031705903,4482,65,4547
1400000US24031706005,4336,346,4682
1400000US24031706007,6570,492,7062
1400000US24031706008,5125,58,5183
1400000US24031706009,5491,209,5700
1400000US24031706010,2601,66,2667
1400000US24031706011,5053,111,5164
1400000US24031706012,2978,153,3131
1400000US24031706013,2751,102,2853
1400000US24033800102,2614,538,3152
1400000US24033800103,1671,539,2210
1400000US24033800105,3160,615,3775
1400000US24033800106,2174,284,2458
1400000US24033800108,2507,513,3020
1400000US24033800109,3333,713,4046
1400000US24033800203,3920,603,4523
1400000US24033800206,3543,541,4084
1400000US24033800208,6933,646,7579
1400000US24033800209,2737,702,3439
1400000US24033800210,2466,709,3175
1400000US24033800211,2194,463,2657
1400000US24033800212,3441,462,3903
1400000US24033800213,3417,472,3889
1400000US24033800214,1925,390,2315
1400000US24033800215,2164,395,2559
1400000US24033800401,2652,334,2986
1400000US24033800402,4516,281,4797
1400000US24033800403,3807,234,4041
1400000US24033800408,6253,504,6757
1400000US24033800409,5521,693,6214
1400000US24033800410,6009,599,6608
1400000US24033800411,3665,396,4061
1400000US24033800412,2514,694,3208
1400000US24033800413,3210,354,3564
1400000US24033800504,4500,292,4792
